1 0.0253 Exact(0.0625)

3 0.0039 Exact(0.0063)

5 1.0000 Exact(1.0000)

7 0.0082 Exact(0.0156)

9 0.0047 Exact(0.0078)

11 0.0707 Exact(0.1185)

13 0.0000 Exact(0.0000)

15 0.0000 Exact(0.0000)

17 0.0016 Exact(0.0023)

19 0.0522 Exact(0.0923)

21 0.2482 Exact(0.3877)

23 0.0105 Exact(0.0169)

25 0.3173 Exact(1.0000)

27 .  Exact(1.0000)

29 0.5637 Exact(1.0000)

31 0.1083 Exact(0.1671)

33 0.0001 Exact(0.0000)

35 0.0184 Exact(0.0309)

37 0.0000 Exact(0.0000)

39 0.0000 Exact(0.0000)

41 0.4142 Exact(0.6875)

43 0.5637 Exact(0.7744)

45 0.0126 Exact(0.0225)

47 0.2253 Exact(0.3323)

49 0.0009 Exact(0.0010)

51 0.0039 Exact(0.0063)

53 0.0005 Exact(0.0005)

55 0.1797 Exact(0.3750)

57 0.5637 Exact(1.0000)

59 1.0000 Exact(1.0000)

61 0.0000 Exact(0.0000)

63 0.0253 Exact(0.0414)

65 0.8273 Exact(1.0000)

67 0.5930 Exact(0.7905)

69 0.0000 Exact(0.0000)

71 0.0000 Exact(0.0000)

73 0.0001 Exact(0.0000)

75 0.0000 Exact(0.0000)

77 0.0001 Exact(0.0001)

79 0.0001 Exact(0.0001)

81 0.0000 Exact(0.0000)

83 0.6374 Exact(0.8145)

85 0.0522 Exact(0.0923)

87 0.8084 Exact(1.0000)

89 0.0027 Exact(0.0042)

91 0.0209 Exact(0.0386)

93 0.0008 Exact(0.0010)

95 0.0029 Exact(0.0044)

97 0.5637 Exact(1.0000)

99 0.0455 Exact(0.1250)

101 .  Exact(1.0000)

103 0.0000 Exact(0.0000)

105 0.0000 Exact(0.0000)

107 0.0023 Exact(0.0034)

109 0.1655 Exact(0.2668)

111 0.1083 Exact(0.1671)

113 0.0075 Exact(0.0129)

115 1.0000 Exact(1.0000)

117 0.0290 Exact(0.0490)

119 0.0000 Exact(0.0000)

121 0.0201 Exact(0.0352)

123 0.3173 Exact(0.5078)

125 1.0000 Exact(1.0000)
